Training started at: 2025-05-11 02:01:49

Transform for label 0:
 Compose([
  Resize(p=1.0, height=256, interpolation=1, mask_interpolation=0, width=256),
  Normalize(p=1.0, max_pixel_value=255.0, mean=(0.5, 0.5, 0.5), normalization='standard', std=(0.5, 0.5, 0.5)),
  ToTensorV2(p=1.0, transpose_mask=False),
], p=1.0, bbox_params=None, keypoint_params=None, additional_targets={}, is_check_shapes=True)

Transform for label 1:
 Compose([
  ShiftScaleRotate(p=0.5, shift_limit_x=(-0.05, 0.05), shift_limit_y=(-0.05, 0.05), scale_limit=(-0.050000000000000044, 0.050000000000000044), rotate_limit=(-5.0, 5.0), interpolation=1, border_mode=2, fill=0.0, fill_mask=0.0, rotate_method='largest_box', mask_interpolation=0),
  OneOf([
    CLAHE(p=0.3, clip_limit=(1.0, 2.0), tile_grid_size=(8, 8)),
    RandomBrightnessContrast(p=0.3, brightness_by_max=True, brightness_limit=(-0.2, 0.2), contrast_limit=(-0.2, 0.2), ensure_safe_range=False),
    HueSaturationValue(p=0.3, hue_shift_limit=(-20.0, 20.0), sat_shift_limit=(-30.0, 30.0), val_shift_limit=(-20.0, 20.0)),
  ], p=1.0),
  Resize(p=1.0, height=256, interpolation=1, mask_interpolation=0, width=256),
  Normalize(p=1.0, max_pixel_value=255.0, mean=(0.5, 0.5, 0.5), normalization='standard', std=(0.5, 0.5, 0.5)),
  ToTensorV2(p=1.0, transpose_mask=False),
], p=1.0, bbox_params=None, keypoint_params=None, additional_targets={}, is_check_shapes=True)
Learning Rate      : 0.0001
Batch Size   : 32
Epochs : 5
Threashold : 0.5
Total Samples      : 33126
Training Samples   : 26500
Validation Samples : 3312
Testing Samples : 3314
tensor([20., 35., 75., 45., 45., 50., 50., 50., 65., 60., 50., 60., 55., 50.,
        55., 40., 85., 15., 60., 60., 50., 45., 30., 65., 80., 55., 60., 50.,
        35., 60., 55., 65.])
tensor([1., 0., 1., 0., 1., 0., 0., 0., 1., 0., 0., 0., 1., 0., 0., 0., 0., 1.,
        0., 1., 0., 0., 0., 0., 1., 0., 1., 0., 0., 0., 1., 0.])
tensor([30., 50., 50., 65., 50., 50., 40., 65., 55., 60., 65., 45., 30., 70.,
        60., 30., 25., 70., 20., 45., 25., 35., 65., 60., 70., 75., 45., 50.,
        40., 50., 85., 30.])
tensor([1., 0., 1., 0., 1., 0., 0., 1., 1., 1., 1., 0., 0., 1., 0., 0., 1., 0.,
        0., 0., 1., 0., 1., 0., 0., 0., 1., 1., 0., 1., 0., 0.])
tensor([20., 50., 45., 25., 40., 55., 55., 50., 65., 30., 45., 45., 65., 60.,
        40., 70., 55., 65., 65., 40., 50., 65., 40., 55., 70., 35., 40., 70.,
        35., 55., 70., 45.])
tensor([1., 0., 1., 1., 1., 1., 0., 0., 0., 1., 0., 0., 0., 0., 0., 0., 0., 1.,
        0., 0., 1., 0., 0., 0., 0., 1., 0., 0., 1., 1., 0., 0.])
tensor([45., 55., 55., 70., 45., 65., 60., 55., 25., 40., 45., 55., 40., 50.,
        50., 40., 50., 35., 75., 55., 45., 55., 70., 70., 30., 45., 30., 65.,
        50., 50., 55., 45.])
tensor([1., 0., 1., 0., 1., 0., 1., 0., 0., 0., 0., 0., 1., 0., 1., 1., 0., 0.,
        1., 1., 1., 1., 1., 1., 0., 0., 1., 0., 0., 0., 0., 0.])
tensor([40., 70., 55., 50., 50., 55., 25., 50., 45., 55., 35., 45., 35., 45.,
        50., 30., 60., 50., 40., 40., 40., 45., 35., 75., 40., 50., 65., 40.,
        60., 35., 30., 25.])
tensor([0., 0., 0., 1., 1., 0., 0., 0., 0., 0., 1., 1., 0., 1., 1., 1., 0., 1.,
        1., 1., 0., 0., 0., 0., 1., 0., 1., 0., 0., 0., 1., 0.])
tensor([65., 40., 25., 65., 50., 60., 75., 45., 65., 45., 40., 45., 30., 55.,
        70., nan, 55., 65., 40., 20., 40., 50., 55., 65., 65., 30., 50., 50.,
        60., nan, 70., 50.])
tensor([1., 0., 1., 1., 0., 0., 0., 0., 0., 1., 1., 0., 0., 1., 1., 1., 1., 1.,
        0., 0., 1., 0., 1., 0., 0., 0., 1., 0., 1., 1., 1., 1.])
tensor([30., 50., 60., 75., 50., 60., 70., 55., 60., 35., 50., 50., 60., 35.,
        50., 50., 30., 65., 60., 60., 40., 45., 30., 60., 70., 60., 50., 45.,
        60., 50., 40., 45.])
tensor([0., 1., 0., 1., 1., 1., 0., 1., 1., 1., 0., 1., 1., 0., 0., 1., 1., 0.,
        0., 1., 0., 1., 0., 1., 0., 1., 1., 0., 1., 0., 0., 0.])
tensor([35., 50., 45., 55., 50., 45., 30., 45., 45., 60., 65., 30., 50., 65.,
        45., 45., 55., 55., 45., 20., 55., 55., 60., 35., 35., 25., 45., 40.,
        50., 50., 50., 50.])
tensor([1., 0., 1., 1., 0., 0., 0., 1., 1., 0., 0., 1., 1., 1., 0., 1., 1., 1.,
        0., 0., 0., 0., 0., 1., 0., 0., 0., 0., 0., 1., 0., 0.])
tensor([30., 40., 30., 50., 60., 40., 30., 55., 45., 45., 40., 35., 75., 25.,
        60., 40., 40., 65., 45., 45., 30., 55., 65., 45., 50., 35., 65., 65.,
        60., 35., 70., 45.])
tensor([0., 1., 0., 0., 0., 1., 1., 0., 1., 0., 1., 0., 1., 1., 1., 0., 1., 1.,
        1., 0., 0., 0., 0., 1., 0., 0., 0., 0., 0., 0., 0., 1.])
tensor([55., 30., 60., 65., 50., 65., 65., 40., 55., 30., 55., 60., 55., 65.,
        40., 60., 50., 35., 50., 60., 55., 60., 35., 55., 45., 25., 40., 35.,
        45., 25., 50., 45.])
tensor([0., 1., 0., 0., 1., 1., 0., 1., 1., 1., 0., 0., 1., 1., 0., 1., 0., 1.,
        1., 0., 0., 0., 0., 0., 0., 1., 1., 0., 0., 1., 0., 0.])
tensor([40., 40., 65., 60., 40., 20., 45., 30., 30., 45., 70., 35., 30., 40.,
        30., 45., 50., 60., 50., 75., 45., 65., 45., 60., 25., 50., 40., 85.,
        60., 50., 70., 35.])
tensor([1., 1., 1., 0., 1., 1., 0., 1., 1., 1., 1., 1., 1., 0., 1., 0., 0., 1.,
        0., 0., 0., 0., 0., 0., 1., 1., 1., 1., 1., 0., 0., 0.])
tensor([30., 30., 20., 55., 60., 50., 55., 35., 55., 50., 65., 80., 60., 25.,
        25., 50., 70., 45., 55., 25., 25., 45., 60., 35., 65., 65., 40., 40.,
        75., 50., 50., 25.])
tensor([1., 1., 1., 0., 1., 0., 1., 0., 0., 0., 0., 0., 0., 1., 1., 0., 0., 1.,
        0., 0., 0., 0., 1., 0., 0., 0., 1., 0., 1., 0., 0., 1.])
tensor([70., 25., 35., 65., 35., 60., 20., 70., 50., 55., 70., 40., 55., 35.,
        80., 55., 50., 70., 50., 50., 25., 55., 30., 15., 25., 55., 50., 50.,
        40., 50., 50., nan])
tensor([1., 1., 0., 1., 1., 0., 1., 0., 0., 1., 1., 1., 1., 0., 0., 1., 0., 0.,
        0., 0., 1., 1., 1., 1., 0., 0., 0., 1., 0., 1., 0., 1.])
tensor([30., 40., 40., 60., 45., 45., 75., 35., 55., 50., 35., 70., 50., 20.,
        40., 50., 30., 20., 45., 60., 25., 30., 70., 45., 35., 50., 45., 45.,
        55., 55., 70., 35.])
tensor([1., 0., 1., 0., 1., 1., 0., 1., 0., 1., 1., 1., 1., 0., 1., 0., 0., 1.,
        1., 0., 1., 0., 1., 0., 1., 1., 1., 1., 1., 0., 1., 1.])
tensor([75., 25., 75., 35., 50., 40., 45., 35., 70., 60., 60., 65., 25., 60.,
        55., 80., 40., 80., 45., 60., 40., 45., 35., 35., 55., 60., 35., 75.,
        25., 35., 50., 45.])
tensor([1., 0., 0., 1., 0., 0., 0., 1., 0., 0., 0., 0., 1., 1., 0., 0., 1., 0.,
        1., 1., 0., 0., 1., 1., 0., 1., 1., 1., 0., 1., 0., 1.])
tensor([30., 45., 25., 50., 75., 65., 40., 65., 40., 55., 35., 55., 45., 40.,
        30., 45., 40., 45., 55., 75., 45., 70., 35., 40., 30., 20., 30., 40.,
        40., 50., 40., 60.])
tensor([1., 1., 1., 0., 1., 0., 1., 1., 0., 1., 1., 1., 1., 1., 1., 1., 1., 0.,
        0., 1., 1., 0., 1., 0., 0., 1., 1., 0., 1., 1., 0., 0.])
